c4

c8

3e60

3e64

3e68

3e6c

3e70

3e74
nop

3e78
010000 00100 00000 00101 00000000 000
0100 0000 1000 0000 0010 1000 0000 0000
40802800
mtc0 $0, $5

3e7c
nop

3e80 excepttype = 11
010000 00100 00000 00011 00000000 000
mtc0 $0, $3

180
nop

184
nop

188
0001 0000 0100 0000 0000 0000 0000 0007

1c0
nop

1c4
0000 0011 1110 0000 0000 0000 0000 1000

cc
0000 0000 0000 0000 0001 0000 0010 0001

d0
0000 1100 0000 0000 0000 1100 0011 0010

30c8
nop

30cc
0100 0000 0000 0010 0110 0000 0000 0000

30d0
0011 1100 0000 0011 1111 1111 1111 1111

30d4
0010 0100 0110 0011 0000 0000 1111 1111

30d8
0000 0000 0100 0011 0001 0000 0010 0100

30dc
0100 0000 1000 0010 0110 0000 0000 0000

30e0
0010 0100 0000 0011 0000 0000 0000 0001

30e4
0011 1100 0000 0020 1000 0000 0000 1101

30e8
0000 0011 1110 0000 0000 0000 0000 1000

d4
1010 1100 0100 0011 0111 0011 0110 0000

d8
0000 1100 0000 0000 0000 1011 0101 0101

2d54
nop

2d54

2d54

2d54

2d58
0010 0111 1011 1101 1111 1111 1110 1000

2d5c
1010 1111 1011 0000 0000 0000 0001 0000

2d60
0011 1100 0001 0000 1000 0000 0000 1101

2d64
1000 1110 0000 0010 0111 0001 0101 0100 

2d64

2d64

2d64

2d68
nop

2d6c
0001 0000 0100 0000 0000 0000 0001 0000

2d6c

2d70
1010 1111 1011 1111 0000 0000 0001 0100 

2d74
0000 1100 0000 0000 0000 1100 1000 0100 

3210
nop

3210

3210

3210

3214
0010 0111 1011 1101 1111 1111 1100 1000

3218
1010 1111 1011 1110 0000 0000 0011 0000

321c
1010 1111 1011 0001 0000 0000 0001 0100

3220
0011 1100 0001 1110 1000 0000 0000 1101

3220

3220

3220

3224

3224

3224

3224

3228

322c

3230

3230

3230

3230

3234

3238

323c

3240

3240

3240

3240

3244

3244

3244

3244

3248

3248

3248

3248

324c

324c

324c

324c

3250

3250

3250
1010 1111 1011 0000 0000 0000 0001 0000

3254

3254

3254

3254

3258
```
325c
3260
3264
3268
326c
3270
3274
```
3278
327c
3280
3284
3288
328c
3290
3294

30ec
````
30f0
30f4
````
30f8
3208
320c
3100
3104
3108
310c
3110
3114
3118
311c
3120
3124
3128
312c
3130
3134
``
3138
313c
``
3140
3144
3148
```
314c
3150
3154
3158
315c
3160
3164
3168
316c
3170
3174
3178
317c
3180
3184
3188
318c
3190
``
3194
3198
319c
31a0
31a4
31a8
31ac
31b0
001100 00011 00101 0000 0000 0000 0001
andi rs=3, rt=5, andi rt, rs, 0x1

31b4
000100 00101 00000 0000 0000 0000 1110
b rs=5, rt=0, beq rs, rt, 0xe

31ec
nop

31f0
101011 00010 00000 0000 0000 0000 0000
sw base=16, rt=0, offset=0, sw rt, offset(base)

31f4
000010 00000 00000 0000 1100 0111 0000
j 0xc70

31c0
001001 00010 00010 0000 0000 0000 0100
addiu rs=2, rt=2, addiu rt, rs, 0x4
`````





10
nop
``
14
010000 00100 00000 01101 00000000 000

18
010000 00100 00000 01100 00000000 000

1c excepttype = 11
0000 1100 0000 0000 0000 0000 0000 1001










